5314620065253440|11|2031|585 
5314620067406202|12|2025|122 
5314620064142651|07|2029|845 
5314620062856104|01|2032|394 
5314620060603268|03|2024|328 
5314620060801664|11|2031|059 
5314620061004557|01|2028|332 
5314620065701745|07|2027|192 
5314620061262007|08|2024|617 
5314620062484378|03|2024|319 
5314620062338012|02|2030|680 
5314620065523560|08|2026|181 
5314620061544032|11|2029|740 
5314620061057282|12|2024|734 
5314620063535814|11|2028|670 
5314620068070601|02|2027|656 
5314620064370005|04|2024|803 
5314620067007075|06|2030|110 
5314620061108556|09|2027|586 
5314620060333460|04|2029|176 
5314620066063012|03|2024|485 
5314620065141850|07|2025|544 
5314620062176768|07|2024|992 
5314620064645778|12|2025|274 
5314620068578850|04|2027|745 
5314620067451174|09|2025|858 
5314620063465830|05|2024|356 
5314620065247442|04|2027|419 
5314620065288552|06|2027|079 
5314620064264877|11|2028|772 
5314620067417308|01|2026|051 
5314620067587712|09|2027|591 
5314620065523560|11|2030|110 
5314620064427722|08|2025|529 
5314620067475314|06|2024|413 
5314620064814457|05|2026|093 
5314620065012432|06|2030|152 
4355460269612353|07|2030|940 
4355460269051610|11|2028|692 
4355460269145743|04|2028|449 
5314623245516454|06|2024|316 
5314624546338077|01|2031|724 
5314620737301072|06|2025|269 
5314627005535547|09|2031|777 
5314622164235765|07|2031|371 
5314621415128613|06|2032|913 
5314624286382624|11|2030|364 
5314623621638864|01|2028|602 
5314623621638864|01|2028|602 
5314623468485700|07|2026|753 
5314625604372833|01|2029|056 
5314625330528336|02|2024|016 
5314621216727308|12|2025|272 
5314622540058865|04|2028|709 
5314622763063311|03|2027|267 
5314622472551457|11|2027|072 
5314623053370556|05|2025|590 
5314622200654086|05|2026|498 
5314624854735385|07|2030|867 
5314627127858785|02|2026|909 
5314621851230022|12|2027|411 
5314627337352652|03|2032|741 
5314628447287051|09|2024|884 
5314627245416607|05|2025|658 
5314623228845540|06|2025|364 
5314623013187447|10|2025|200 
5314626127776336|06|2026|969 
5314625642571727|04|2026|941 
5314627810317602|11|2028|060 
5314626107473326|07|2026|257 
5314620241454086|10|2032|261 
5314623071450547|08|2024|278 
5314627356717181|11|2025|361 
5314626131868673|10|2032|836 
5314626861756387|01|2031|147 
5314625814834044|03|2026|045 
5314627686645284|08|2029|363 
5314623781084354|11|2032|425 
5314628843228253|07|2025|953 
5314620456881114|12|2025|467 
5314620456881114|12|2025|467 
5314621406752520|12|2025|201 
5314625458754623|12|2030|530 
5314628437468687|06|2027|476 
5314621132516520|09|2025|230 
5314626302634425|09|2027|384 
5314626302634425|09|2027|384 
5314621070188522|07|2028|702 
5314627251067146|02|2032|447 
5314628855605828|05|2026|433 
5314625150026502|01|2026|666 
5314621482527721|02|2025|273 
5314621482527721|02|2025|273 
5314626282533753|08|2030|805 
5314626282533753|08|2030|805 
5314621585154357|05|2030|475 
5314622827883670|06|2028|248 
5314622827883670|06|2028|248 
5314627284672615|07|2025|787 
5314620060071425|06|2030|178 
5314624033205318|01|2026|775 
5314622578237142|02|2028|639 
5314627464702067|10|2025|518 
5314621280772644|07|2032|186 
5314621280772644|07|2032|186 
5314627023754815|05|2027|963 
5314621712818866|12|2026|249 
5314621712818866|12|2026|249 
5314620441487225|04|2025|648 
5314621758174588|02|2025|537 
5314622720135467|09|2028|887 
5314628125443224|03|2027|037 
5314627766300602|10|2027|560 
5314627766300602|10|2027|560 
5314620314674131|05|2032|798 
5314622407405613|06|2032|967 
5314622407405613|06|2032|967 
5314624404028844|03|2028|067 
5314621530858458|12|2025|447 
5314626708126885|11|2030|549 
5314626536031463|11|2032|795 
5314620311338755|05|2028|210 
5314628437048182|07|2032|603 
5314628243105457|05|2026|162 
5314626338076468|04|2032|280 
5314624032705557|03|2031|834 
5314624032705557|03|2031|834 
5314620113552264|03|2030|204 
5314628262241126|04|2027|800 
5314625306248661|05|2028|913 
5314626672653633|04|2025|389 
5314621301548536|09|2027|971 
5314624636133610|10|2024|458 
5314620050183073|09|2025|200 
5314622375685253|05|2029|552 
5314624360752353|01|2031|849 
5314621372888787|11|2031|439 
5314625043451164|05|2025|503 
5314627688683150|08|2029|690 
5314621778033517|06|2031|813 
5314621274806754|03|2031|053 
5314624663174164|03|2027|865 
5314624432555578|07|2030|623 
5314628366467882|11|2031|567 
5314628153753270|04|2028|263 
5314628080340803|04|2027|609 
5314627340215805|02|2025|378 
5314623704575884|08|2025|194 
5314623704575884|08|2025|194 
5314626410166211|07|2031|271 
5314623871216528|09|2031|148 
5314624577715854|01|2030|393 
5314627727017287|11|2029|399 
5314624617821407|07|2027|038 
5314623220603780|02|2025|827 
5314626173551211|09|2032|555 
5314624636203082|08|2027|315 
5314626334527860|01|2030|971 
5314626334527860|01|2030|971 
5314624478248302|05|2031|859 
5314627580468015|04|2025|942 
5314627048088710|02|2028|762 
5314627048088710|02|2028|762 
5314624287188327|06|2028|807 
5314624110340335|04|2025|908 
5314621707381482|02|2027|531 
5314623128171641|08|2025|775 
5314623128171641|08|2025|775 
5314627573051372|05|2029|691 
5314622235207561|07|2025|893 
5314624531640065|01|2031|763 
5314627065153850|09|2026|098 
5314628153701055|04|2024|031 
5314621415055626|10|2029|753 
5314621415055626|10|2029|753 
5314625670683527|09|2025|684 
5314620557003857|04|2027|323 
5314620557003857|04|2027|323 
5314626083074312|06|2025|234 
5314621388674601|03|2026|987 
5314625681528182|03|2027|059 
5314621857435062|08|2032|776 
5314626322885676|08|2031|797 
5314627886527803|05|2032|517 
5314625082531462|12|2030|294 
5314621522703373|07|2031|723 
5314626373011578|04|2032|453 
5314620561347266|03|2029|848 
5314622318156115|06|2026|051 
5314623255505504|08|2030|166 
5314623162707417|12|2025|804 
5314621484761807|07|2025|263 
5314624505478401|03|2028|967 
5314628551411125|12|2030|392 
5314628551411125|12|2030|392 
5314626417825611|04|2031|113 
5314624027667150|02|2024|091 
5314621264758841|08|2029|358 
5314620302435164|08|2024|184 
5314627184453025|08|2027|086 
5314623648135084|12|2024|491 
5314627328258702|12|2030|253 
5314627544050750|05|2027|460 
5314624277311178|11|2032|876 
5314625472431141|09|2027|351 
5314625472431141|09|2027|351 
5314622670766360|08|2028|271 
5314627350257853|05|2024|719 
5314623223212480|01|2031|838 
5314627818606857|04|2029|101 
5314627064248347|04|2024|763 
5314620242328461|09|2032|956 
5314624832517640|07|2024|990 
5314623515233251|11|2029|989 
5314627728208380|04|2025|705 
5314620337378801|02|2028|288 
5314620337378801|02|2028|288 
5314620440231426|07|2029|389 
5314620235600058|09|2032|883 
5314625076646813|05|2027|627 
5314628487531004|09|2025|746 
5314621326423723|03|2025|720 
5314626767451877|08|2024|598 
5314622812024777|10|2031|064 
5314622812024777|10|2031|064 
5314621564824053|05|2029|368 
5314624343216070|05|2025|401 
5314624756841885|12|2028|968 
5314620050651426|07|2027|488 
5314627182863662|06|2029|131 
5314620050651426|07|2027|488 
5314624685832138|07|2031|833 
5314620227503138|09|2031|201 
5314628411128307|05|2031|468 
5314626405884661|02|2025|509 
5314625510846664|09|2031|680 
5314625510846664|09|2031|680 
5314623636130782|07|2030|954 
5314620380765631|04|2024|676 
5314624811778874|03|2027|400 
5314624156753771|12|2025|017 
5314620872414318|06|2031|154 
5314628551588617|02|2031|124 
5314628703474260|12|2024|706 
5314628703474260|12|2024|706 
5314627058722844|11|2028|114 
5314623763313573|02|2029|117 
5314621058033583|10|2024|394 
5314627111558433|04|2025|461 
5314626477200242|04|2032|586 
5314622147757547|08|2025|039 
5314623383030177|09|2027|800 
5314622110636074|01|2027|973 
5314622110636074|01|2027|973 
5314621826244710|12|2031|433 
5314621131636246|03|2029|947 
5314622704410761|10|2024|379 
5314620315073416|01|2028|221 
5314620216510110|11|2026|043 
5314624007340257|11|2031|375 
5314620386764711|04|2029|332 
5314620861624273|02|2029|881 
5314620861624273|02|2029|881 
5314620237087031|08|2032|279 
5314620237087031|08|2032|279 
5314626421816465|03|2025|397 
5314626421816465|03|2025|397 
5314623763280608|04|2028|599 
5314621837136871|04|2029|977 
5314621837136871|04|2029|977 
5314628261012866|12|2032|001 
5314627658081138|05|2026|503 
5314627672618105|10|2027|346 
5314627672618105|10|2027|346 
5314626053877108|09|2032|436 
5314627242645216|08|2030|789 
5314626311465506|11|2028|991 
5314627163524408|05|2031|846 
5314621055250412|12|2024|355 
5314626103051530|11|2027|986 
5314626850704521|09|2025|779 
5314626850704521|09|2025|779 
5314627555357003|04|2025|303 
5314620088535682|06|2028|920 
5314624448580560|05|2029|073 
5314625738872641|09|2031|639 
5314624541757362|04|2028|332 
5314627320832314|09|2027|348 
5314624151265003|02|2024|951 
5314624154745134|04|2025|025 
5314628657418560|09|2028|280 
5314628851722635|09|2031|177 
5314628865413643|10|2025|170 
5314622374658418|02|2024|854 
5314626317785253|12|2026|957 
5314621538372221|12|2031|176 
5314621538372221|12|2031|176 
5314627688307750|10|2028|099 
5314625832155661|07|2030|398 
5314624763288047|07|2029|898 
5314625736427372|07|2026|681 
5314626848810505|05|2031|754 
5314621056013561|02|2024|372 
5314625817021664|03|2031|167 
5314624424611280|12|2032|775 
5314620452646503|06|2029|185 
5314623527021785|12|2030|584 
5314624268786263|06|2026|122 
5314628405541457|07|2030|310 
5314625663372237|06|2026|106 
5314624145821481|01|2024|389 
5314622021414421|01|2031|197 
5314623638385111|01|2026|237 
5314626378562435|08|2027|831 
5314620464511216|12|2031|846 
5314627035315365|10|2024|586 
5314627866450356|08|2030|239 
5314625408143687|04|2025|658 
5314624016436864|01|2025|242 
5314624016436864|01|2025|242 
5314623317836210|08|2026|737 
5314623317836210|08|2026|737 
5314627132284803|11|2024|154 
5314620112063560|07|2028|115 
5314621872853240|05|2030|954 
5314621872853240|05|2030|954 
5314624253074022|08|2026|219 
5314622450376257|10|2028|541 
5314625120511674|10|2026|911 
5314622827622037|06|2031|588 
5314626265838815|04|2029|485 
5314628474766043|11|2025|509 
5314628474766043|11|2025|509 
5314624827571172|08|2027|780 
5314625733235802|11|2028|782 
5314624827571172|08|2027|780 
5314627511115461|03|2025|756 
5314627511115461|03|2025|756 
5314621625815355|08|2028|177 
5314626115752836|06|2025|945 
5314628181873017|02|2026|403 
5314626115752836|06|2025|945 
5314626752102014|09|2027|672 
5314621615480616|08|2024|638 
5314621141045438|11|2026|410 
5314621141045438|11|2026|410 
5314628636067108|06|2028|753 
5314622627528608|09|2028|342 
5314620852125207|04|2028|520 
5314620663011356|02|2024|531 
5314626455328445|07|2027|227 
5314622854578748|01|2027|242 
5314623521312453|01|2032|401 
5314628448356814|10|2032|811 
5314628115400457|06|2025|372 
5314628563082781|05|2032|236 
5314626548883778|01|2032|504 
5314622827047631|10|2032|314 
5314624588228335|09|2031|057 
5314622644156656|06|2028|512 
5314627187310164|04|2024|097 
5314628017631118|02|2031|521 
5314628088627201|08|2028|192 
5314626513506370|11|2026|669 
5314624748201776|05|2027|467 
5314627354014565|05|2025|562 
5314622676061741|05|2031|002 
5314620381600001|11|2027|195 
5314621777170765|02|2030|322 
5314628860550456|08|2032|900 
5314628710134832|03|2027|370 
5314625164723342|06|2027|243 
5314627456877265|02|2030|534 
5314624827543304|06|2027|240 
5314622540671436|05|2026|630 
5314622540671436|05|2026|630 
5314625528345154|12|2024|220 
5314625528345154|12|2024|220 
5314626812741678|12|2028|248 
5314621118382772|10|2031|356 
5314621118382772|10|2031|356 
5314626383434414|05|2032|163 
5314626383434414|05|2032|163 
5314621028355074|03|2025|805 
5314627421778473|11|2032|283 
5314622541040730|03|2024|404 
5314626034323735|03|2030|980 
5314622235862308|01|2024|415 
5314620752003355|10|2025|900 
5314625048372001|10|2026|655 
5314625048372001|10|2026|655 
5314626775404371|01|2032|442 
5314628466086681|01|2031|349 
5314620756163452|01|2024|596 
5314625228158055|06|2029|978 
5314625706515347|06|2027|556 
5314621433064063|05|2024|535 
5314627762384287|05|2028|126 
5314620515056328|08|2032|381 
5314620515056328|08|2032|381 
5314625876036173|11|2031|865 
5314625730578881|04|2026|355 
5314621727716527|02|2032|317 
5314624435116600|09|2027|647 
5314624672515084|06|2029|513 
5314624848706856|06|2027|854 
5314626123028682|12|2028|714 
5314627263066680|12|2031|082 
5314625661284061|03|2027|006 
5314621337231834|12|2031|725 
5314621337231834|12|2031|725 
5314622216840877|11|2028|953 
5314625467505487|05|2028|020 
5314623624712336|12|2024|561 
5314621333414335|12|2029|396 
5314625070377548|09|2031|310 
5314622360724000|10|2030|095 